{
    "animation": [
        {
            "name": "Root",
            "time": [0.0, 1.3333, 2.6667],
            "transform": [
                [0.891563, 0.0, -0.452897, -5e-06, -0.452731, 0.027008, -0.891238, 0.000946, 0.012232, 0.999635, 0.02408, 0.731952, 0.0, 0.0, 0.0, 1.0],
                [0.891563, 0.0, -0.452897, -5e-06, -0.452893, 0.003832, -0.891557, 0.000946, 0.001735, 0.999993, 0.003416, 0.739751, 0.0, 0.0, 0.0, 1.0],
                [0.891563, 0.0, -0.452897, -5e-06, -0.452731, 0.027008, -0.891238, 0.000946, 0.012232, 0.999635, 0.02408, 0.731952, 0.0, 0.0, 0.0, 1.0]
            ]
        },
        {
            "name": "Thigh_R",
            "time": [0.0, 1.3333, 2.6667],
            "transform": [
                [0.961066, 0.19615, 0.194617, 0.124994, 0.135486, -0.948366, 0.286777, -0.02189, 0.24082, -0.249244, -0.938021, -1.2e-05, 0.0, 0.0, 0.0, 1.0],
                [0.959784, 0.19734, 0.199676, 0.124994, 0.149605, -0.961375, 0.231025, -0.02189, 0.237554, -0.191861, -0.952238, -1.2e-05, 0.0, 0.0, 0.0, 1.0],
                [0.961066, 0.19615, 0.194617, 0.124994, 0.135486, -0.948366, 0.286777, -0.02189, 0.24082, -0.249244, -0.938021, -1.2e-05, 0.0, 0.0, 0.0, 1.0]
            ]
        },
        {
            "name": "Leg_R",
            "time": [0.0, 1.3333, 2.6667],
            "transform": [
                [1.0, -0.0, 2e-06, 0.0, -1e-06, 0.884957, 0.465674, 0.371285, -2e-06, -0.465676, 0.884956, 0.0, 0.0, 0.0, 0.0, 1.0],
                [1.0, -0.0, 2e-06, 0.0, -1e-06, 0.918796, 0.394732, 0.371285, -2e-06, -0.394735, 0.918795, -0.0, 0.0, 0.0, 0.0, 1.0],
                [1.0, -0.0, 2e-06, 0.0, -1e-06, 0.884957, 0.465674, 0.371285, -2e-06, -0.465676, 0.884956, 0.0, 0.0, 0.0, 0.0, 1.0]
            ]
        },
        {
            "name": "Knee_R",
            "time": [0.0, 1.3333, 2.6667],
            "transform": [
                [1.0, 0.0, -0.0, 0.0, -1e-06, 0.0, -1.0, 0.37649, -0.0, 1.0, 0.0, 0.0, 0.0, 0.0, 0.0, 1.0],
                [1.0, 0.0, -0.0, 0.0, -0.0, 0.0, -1.0, 0.370559, -0.0, 1.0, 0.0, -0.0, 0.0, 0.0, 0.0, 1.0],
                [1.0, 0.0, -0.0, 0.0, -1e-06, 0.0, -1.0, 0.37649, -0.0, 1.0, 0.0, 0.0, 0.0, 0.0, 0.0, 1.0]
            ]
        },
        {
            "name": "Thigh_L",
            "time": [0.0, 1.3333, 2.6667],
            "transform": [
                [0.885768, -0.213503, -0.412105, -0.125006, -0.016816, -0.902093, 0.431212, -0.021842, -0.463822, -0.375024, -0.802637, -1.2e-05, 0.0, 0.0, 0.0, 1.0],
                [0.88601, -0.180015, -0.427295, -0.125006, -0.016911, -0.93349, 0.358203, -0.021842, -0.463357, -0.310146, -0.830126, -1.2e-05, 0.0, 0.0, 0.0, 1.0],
                [0.885768, -0.213503, -0.412105, -0.125006, -0.016816, -0.902093, 0.431212, -0.021842, -0.463822, -0.375024, -0.802637, -1.2e-05, 0.0, 0.0, 0.0, 1.0]
            ]
        },
        {
            "name": "Leg_L",
            "time": [0.0, 1.3333, 2.6667],
            "transform": [
                [1.0, -0.0, 1e-06, -0.0, 0.0, 0.874878, 0.484343, 0.370579, -1e-06, -0.484343, 0.874879, -0.0, 0.0, 0.0, 0.0, 1.0],
                [1.0, -0.0, 1e-06, -0.0, 0.0, 0.921576, 0.388195, 0.370579, -1e-06, -0.388195, 0.921578, -0.0, 0.0, 0.0, 0.0, 1.0],
                [1.0, -0.0, 1e-06, -0.0, 0.0, 0.874878, 0.484343, 0.370579, -1e-06, -0.484343, 0.874879, -0.0, 0.0, 0.0, 0.0, 1.0]
            ]
        },
        {
            "name": "Knee_L",
            "time": [0.0, 1.3333, 2.6667],
            "transform": [
                [1.0, 0.0, -0.0, -0.0, -0.0, 0.0, -1.0, 0.377938, -0.0, 1.0, 0.0, -0.0, 0.0, 0.0, 0.0, 1.0],
                [1.0, 0.0, -0.0, -0.0, -0.0, 0.0, -1.0, 0.369388, -0.0, 1.0, 0.0, -0.0, 0.0, 0.0, 0.0, 1.0],
                [1.0, 0.0, -0.0, -0.0, -0.0, 0.0, -1.0, 0.377938, -0.0, 1.0, 0.0, -0.0, 0.0, 0.0, 0.0, 1.0]
            ]
        },
        {
            "name": "Torso",
            "time": [0.0, 1.3333, 2.6667],
            "transform": [
                [1.0, -0.0, 0.0, -0.0, -0.0, 1.0, -0.0, 0.05, 0.0, -0.0, 1.0, 0.0, 0.0, 0.0, 0.0, 1.0],
                [1.0, -0.0, 0.0, 0.0, 0.0, 1.0, 0.0, 0.05, -0.0, 0.0, 1.0, 0.0, 0.0, 0.0, 0.0, 1.0],
                [1.0, -0.0, 0.0, -0.0, -0.0, 1.0, -0.0, 0.05, 0.0, -0.0, 1.0, 0.0, 0.0, 0.0, 0.0, 1.0]
            ]
        },
        {
            "name": "Chest",
            "time": [0.0, 1.3333, 2.6667],
            "transform": [
                [0.999913, -0.013187, -0.000243, -0.0, 0.013188, 0.999899, 0.005261, 0.3, 0.000174, -0.005264, 0.999986, -0.0, 0.0, 0.0, 0.0, 1.0],
                [0.999913, -0.013187, -0.000243, -0.0, 0.013188, 0.999899, 0.005261, 0.3, 0.000174, -0.005264, 0.999986, -0.0, 0.0, 0.0, 0.0, 1.0],
                [0.999913, -0.013187, -0.000243, -0.0, 0.013188, 0.999899, 0.005261, 0.3, 0.000174, -0.005264, 0.999986, -0.0, 0.0, 0.0, 0.0, 1.0]
            ]
        },
        {
            "name": "Head",
            "time": [0.0, 1.3333, 2.6667],
            "transform": [
                [0.904216, 0.015142, 0.426808, -0.0, -0.002948, 0.999569, -0.029217, 0.4, -0.427066, 0.02516, 0.90387, -0.0, 0.0, 0.0, 0.0, 1.0],
                [0.904166, 0.007062, 0.427123, -0.0, -0.002431, 0.999932, -0.011385, 0.4, -0.427174, 0.009255, 0.904122, -0.0, 0.0, 0.0, 0.0, 1.0],
                [0.904216, 0.015142, 0.426808, -0.0, -0.002948, 0.999569, -0.029217, 0.4, -0.427066, 0.02516, 0.90387, -0.0, 0.0, 0.0, 0.0, 1.0]
            ]
        },
        {
            "name": "Shoulder_R",
            "time": [0.0, 1.3333, 2.6667],
            "transform": [
                [-0.054862, 0.950532, 0.305743, -0.0, 0.017617, -0.305235, 0.952114, 0.4, 0.998338, 0.057622, -0.0, -0.0, 0.0, 0.0, 0.0, 1.0],
                [-0.054862, 0.950532, 0.305743, -0.0, 0.017617, -0.305235, 0.952114, 0.4, 0.998338, 0.057622, -0.0, -0.0, 0.0, 0.0, 0.0, 1.0],
                [-0.054862, 0.950532, 0.305743, -0.0, 0.017617, -0.305235, 0.952114, 0.4, 0.998338, 0.057622, -0.0, -0.0, 0.0, 0.0, 0.0, 1.0]
            ]
        },
        {
            "name": "Arm_R",
            "time": [0.0, 0.4167, 1.75, 2.6667],
            "transform": [
                [0.305837, 0.111555, -0.945526, -0.0, 0.852491, 0.410121, 0.324131, 0.393861, 0.423938, -0.905183, 0.030331, -0.0, 0.0, 0.0, 0.0, 1.0],
                [0.305837, 0.115159, -0.945094, 0.001156, 0.852491, 0.408882, 0.325692, 0.397965, 0.423938, -0.905292, 0.026879, -0.009087, 0.0, 0.0, 0.0, 1.0],
                [0.305837, 0.112774, -0.945381, -0.00157, 0.852491, 0.409702, 0.324659, 0.388123, 0.423938, -0.905221, 0.029163, 0.012671, 0.0, 0.0, 0.0, 1.0],
                [0.305837, 0.111555, -0.945526, -0.0, 0.852491, 0.410121, 0.324131, 0.393861, 0.423938, -0.905183, 0.030331, -0.0, 0.0, 0.0, 0.0, 1.0]
            ]
        },
        {
            "name": "Hand_R",
            "time": [0.0, 1.3333, 2.6667],
            "transform": [
                [0.999985, 0.001797, 0.005253, 0.0, -0.001251, 0.994756, -0.102266, 0.300154, -0.005409, 0.102258, 0.994743, -0.0, 0.0, 0.0, 0.0, 1.0],
                [0.999985, 0.001898, 0.005217, -0.0, -0.001251, 0.992593, -0.121479, 0.300154, -0.005409, 0.121471, 0.99258, -0.0, 0.0, 0.0, 0.0, 1.0],
                [0.999985, 0.001797, 0.005253, 0.0, -0.001251, 0.994756, -0.102266, 0.300154, -0.005409, 0.102258, 0.994743, -0.0, 0.0, 0.0, 0.0, 1.0]
            ]
        },
        {
            "name": "Tool_R",
            "time": [0.0, 1.3333, 2.6667],
            "transform": [
                [1.0, 0.0, 0.0, 0.0, 0.0, -0.984049, -0.177896, 0.25917, 0.0, 0.177436, -0.981652, -0.074691, 0.0, 0.0, 0.0, 1.0],
                [1.0, 0.0, 0.0, -0.0, 0.0, -0.984049, -0.177896, 0.25917, 0.0, 0.177436, -0.981652, -0.074691, 0.0, 0.0, 0.0, 1.0],
                [1.0, 0.0, 0.0, 0.0, 0.0, -0.984049, -0.177896, 0.25917, 0.0, 0.177436, -0.981652, -0.074691, 0.0, 0.0, 0.0, 1.0]
            ]
        },
        {
            "name": "Elbow_R",
            "time": [0.0, 1.3333, 2.6667],
            "transform": [
                [-1.0, 0.0, -0.0, 0.0, 0.0, -0.0, -1.0, 0.300429, -0.0, -1.0, 0.0, -0.0, 0.0, 0.0, 0.0, 1.0],
                [-1.0, 0.0, -0.0, -0.0, 0.0, -0.0, -1.0, 0.300429, -0.0, -1.0, 0.0, 0.0, 0.0, 0.0, 0.0, 1.0],
                [-1.0, 0.0, -0.0, 0.0, 0.0, -0.0, -1.0, 0.300429, -0.0, -1.0, 0.0, -0.0, 0.0, 0.0, 0.0, 1.0]
            ]
        },
        {
            "name": "Shoulder_L",
            "time": [0.0, 1.3333, 2.6667],
            "transform": [
                [-0.0, -0.952114, -0.305743, -0.0, 0.0, -0.305743, 0.952114, 0.4, -1.0, -0.0, 0.0, -0.0, 0.0, 0.0, 0.0, 1.0],
                [-0.0, -0.952114, -0.305743, -0.0, 0.0, -0.305743, 0.952114, 0.4, -1.0, -0.0, 0.0, -0.0, 0.0, 0.0, 0.0, 1.0],
                [-0.0, -0.952114, -0.305743, -0.0, 0.0, -0.305743, 0.952114, 0.4, -1.0, -0.0, 0.0, -0.0, 0.0, 0.0, 0.0, 1.0]
            ]
        },
        {
            "name": "Arm_L",
            "time": [0.0, 0.4167, 1.75, 2.6667],
            "transform": [
                [-0.194525, -0.062332, 0.978915, 0.0, -0.869332, 0.473205, -0.142617, 0.39386, -0.454338, -0.878744, -0.146238, 0.0, 0.0, 0.0, 0.0, 1.0],
                [-0.194525, -0.065657, 0.978698, -0.000619, -0.869332, 0.473687, -0.141009, 0.398329, -0.454338, -0.878243, -0.149222, -0.008285, 0.0, 0.0, 0.0, 1.0],
                [-0.194525, -0.063457, 0.978843, 0.000867, -0.869332, 0.473369, -0.142074, 0.38734, -0.454338, -0.878576, -0.147247, 0.012104, 0.0, 0.0, 0.0, 1.0],
                [-0.194525, -0.062332, 0.978915, 0.0, -0.869332, 0.473205, -0.142617, 0.39386, -0.454338, -0.878744, -0.146238, 0.0, 0.0, 0.0, 0.0, 1.0]
            ]
        },
        {
            "name": "Hand_L",
            "time": [0.0, 1.3333, 2.6667],
            "transform": [
                [1.0, 0.0, 0.0, -0.0, -0.0, 0.978861, -0.204526, 0.296589, -0.0, 0.204526, 0.978861, -0.0, 0.0, 0.0, 0.0, 1.0],
                [1.0, 0.0, 0.0, 0.0, -0.0, 0.978861, -0.204526, 0.296589, -0.0, 0.204526, 0.978861, -0.0, 0.0, 0.0, 0.0, 1.0],
                [1.0, 0.0, 0.0, -0.0, -0.0, 0.978861, -0.204526, 0.296589, -0.0, 0.204526, 0.978861, -0.0, 0.0, 0.0, 0.0, 1.0]
            ]
        },
        {
            "name": "Tool_L",
            "time": [0.0, 1.3333, 2.6667],
            "transform": [
                [1.0, 0.0, 1e-06, 0.0, 0.0, -0.999942, 0.01071, 0.276249, 0.0, -0.01071, -1.000476, 0.0, 0.0, 0.0, 0.0, 1.0],
                [1.0, 0.0, 1e-06, 0.0, 0.0, -0.999942, 0.01071, 0.276249, 0.0, -0.01071, -1.000476, 0.0, 0.0, 0.0, 0.0, 1.0],
                [1.0, 0.0, 1e-06, 0.0, 0.0, -0.999942, 0.01071, 0.276249, 0.0, -0.01071, -1.000476, 0.0, 0.0, 0.0, 0.0, 1.0]
            ]
        },
        {
            "name": "Elbow_L",
            "time": [0.0, 1.3333, 2.6667],
            "transform": [
                [-1.0, 0.0, -0.0, -0.0, 0.0, 0.0, -1.0, 0.296925, -0.0, -1.0, -0.0, 0.0, 0.0, 0.0, 0.0, 1.0],
                [-1.0, 0.0, -0.0, -0.0, 0.0, 0.0, -1.0, 0.296926, -0.0, -1.0, -0.0, -0.0, 0.0, 0.0, 0.0, 1.0],
                [-1.0, 0.0, -0.0, -0.0, 0.0, 0.0, -1.0, 0.296925, -0.0, -1.0, -0.0, 0.0, 0.0, 0.0, 0.0, 1.0]
            ]
        },
        {
            "name": "Leg_R_IK",
            "time": [0.0, 1.3333, 2.6667],
            "transform": [
                [1.0, 0.0, 0.0, 0.209392, 0.0, 1.0, 0.0, -0.111358, 0.0, 0.0, 1.0, 0.0, 0.0, 0.0, 0.0, 1.0],
                [1.0, 0.0, 0.0, 0.209392, 0.0, 1.0, 0.0, -0.111358, 0.0, 0.0, 1.0, 0.0, 0.0, 0.0, 0.0, 1.0],
                [1.0, 0.0, 0.0, 0.209392, 0.0, 1.0, 0.0, -0.111358, 0.0, 0.0, 1.0, 0.0, 0.0, 0.0, 0.0, 1.0]
            ]
        },
        {
            "name": "Leg_R_P",
            "time": [0.0, 1.3333, 2.6667],
            "transform": [
                [1.0, 2.9e-05, 0.0, 0.205913, -2.9e-05, 1.0, 0.0, 0.268507, 0.0, 0.0, 1.0, 0.127438, 0.0, 0.0, 0.0, 1.0],
                [1.0, 2.9e-05, 0.0, 0.205913, -2.9e-05, 1.0, 0.0, 0.268507, 0.0, 0.0, 1.0, 0.127438, 0.0, 0.0, 0.0, 1.0],
                [1.0, 2.9e-05, 0.0, 0.205913, -2.9e-05, 1.0, 0.0, 0.268507, 0.0, 0.0, 1.0, 0.127438, 0.0, 0.0, 0.0, 1.0]
            ]
        },
        {
            "name": "Leg_L_IK",
            "time": [0.0, 1.3333, 2.6667],
            "transform": [
                [1.0, 0.0, 0.0, -0.125011, 0.0, 1.0, 0.0, 0.175358, 0.0, 0.0, 1.0, 0.0, 0.0, 0.0, 0.0, 1.0],
                [1.0, 0.0, 0.0, -0.125011, 0.0, 1.0, 0.0, 0.175358, 0.0, 0.0, 1.0, 0.0, 0.0, 0.0, 0.0, 1.0],
                [1.0, 0.0, 0.0, -0.125011, 0.0, 1.0, 0.0, 0.175358, 0.0, 0.0, 1.0, 0.0, 0.0, 0.0, 0.0, 1.0]
            ]
        },
        {
            "name": "Leg_L_P",
            "time": [0.0, 2.6667],
            "transform": [
                [1.0, 0.0, 0.0, 0.0, 0.0, 1.0, 0.0, 0.374042, 0.0, 0.0, 1.0, 0.259775, 0.0, 0.0, 0.0, 1.0],
                [1.0, 0.0, 0.0, 0.0, 0.0, 1.0, 0.0, 0.374042, 0.0, 0.0, 1.0, 0.259775, 0.0, 0.0, 0.0, 1.0]
            ]
        }
    ]
}